<?xml version="1.0"?>
<opencv_storage>
<calibration_time>"Wed 01 Sep 2021 11:46:12 AM"</calibration_time>
<nr_of_frames>5</nr_of_frames>
<image_width>1280</image_width>
<image_height>1024</image_height>
<board_width>8</board_width>
<board_height>6</board_height>
<square_size>3.6250000000000000e+01</square_size>
<flags>0</flags>
<fisheye_model>0</fisheye_model>
<camera_matrix type_id="opencv-matrix">
  <rows>3</rows>
  <cols>3</cols>
  <dt>d</dt>
  <data>
    1.8240932772561350e+03 0. 5.9052948301612855e+02 0.
    1.8281799706764866e+03 5.0388019131890979e+02 0. 0. 1.</data></camera_matrix>
<distortion_coefficients type_id="opencv-matrix">
  <rows>5</rows>
  <cols>1</cols>
  <dt>d</dt>
  <data>
    -1.2035504901506668e-01 4.9047942310207293e-01
    -3.5239384413541959e-05 2.2583485210832146e-03
    -1.8770799838194612e+00</data></distortion_coefficients>
<avg_reprojection_error>9.6828147157188169e-02</avg_reprojection_error>
</opencv_storage>
