<?xml version="1.0"?>
<opencv_storage>
<calibration_time>"Mon 25 Oct 2021 12:54:04 PM"</calibration_time>
<nr_of_frames>35</nr_of_frames>
<image_width>1280</image_width>
<image_height>1024</image_height>
<board_width>8</board_width>
<board_height>6</board_height>
<square_size>3.6249998956918716e-02</square_size>
<fix_aspect_ratio>1.</fix_aspect_ratio>
<!-- flags: +fix_aspectRatio +zero_tangent_dist -->
<flags>10</flags>
<fisheye_model>0</fisheye_model>
<camera_matrix type_id="opencv-matrix">
  <rows>3</rows>
  <cols>3</cols>
  <dt>d</dt>
  <data>
    1.7361209700827194e+03 0. 6.2940976528008105e+02 0.
    1.7361209700827194e+03 5.1620297770201023e+02 0. 0. 1.</data></camera_matrix>
<distortion_coefficients type_id="opencv-matrix">
  <rows>5</rows>
  <cols>1</cols>
  <dt>d</dt>
  <data>
    -1.0649837515271807e-01 3.0747222224079546e-01 0. 0.
    -3.6915057656036809e-01</data></distortion_coefficients>
<avg_reprojection_error>1.8512134300013167e-01</avg_reprojection_error>
<per_view_reprojection_errors type_id="opencv-matrix">
  <rows>35</rows>
  <cols>1</cols>
  <dt>f</dt>
  <data>
    9.21056196e-02 8.92326906e-02 1.17051892e-01 1.07856899e-01
    9.54332203e-02 9.52872410e-02 1.00653484e-01 9.73459110e-02
    1.14791848e-01 1.97628871e-01 2.79062271e-01 3.22910368e-01
    3.83994937e-01 2.21656084e-01 2.57473409e-01 3.60787928e-01
    1.62381664e-01 1.40996590e-01 1.57918558e-01 1.89044371e-01
    1.90843388e-01 1.57027781e-01 1.86438933e-01 1.40513286e-01
    1.60622612e-01 1.62642747e-01 1.45346269e-01 1.30270779e-01
    1.57656357e-01 1.50455475e-01 1.70249060e-01 1.77552536e-01
    1.49579495e-01 1.37527302e-01 1.74076453e-01</data></per_view_reprojection_errors>
<!-- extrinsic parameters -->
<rvecs>
  <_ type_id="opencv-matrix">
    <rows>3</rows>
    <cols>1</cols>
    <dt>d</dt>
    <data>
      -7.7926954759955730e-02 -1.9737824831097658e-01
      2.4257913514049878e-02</data></_>
  <_ type_id="opencv-matrix">
    <rows>3</rows>
    <cols>1</cols>
    <dt>d</dt>
    <data>
      -7.9187303908618084e-02 -1.9751393150653823e-01
      2.4275514943153820e-02</data></_>
  <_ type_id="opencv-matrix">
    <rows>3</rows>
    <cols>1</cols>
    <dt>d</dt>
    <data>
      -7.9297837660038631e-02 -1.9802805068583565e-01
      2.5522961883869766e-02</data></_>
  <_ type_id="opencv-matrix">
    <rows>3</rows>
    <cols>1</cols>
    <dt>d</dt>
    <data>
      -7.8666815052670327e-02 -1.9766540937596780e-01
      2.7733780561500884e-02</data></_>
  <_ type_id="opencv-matrix">
    <rows>3</rows>
    <cols>1</cols>
    <dt>d</dt>
    <data>
      -7.7484368053210476e-02 -1.9786835828580607e-01
      1.2621498962631015e-02</data></_>
  <_ type_id="opencv-matrix">
    <rows>3</rows>
    <cols>1</cols>
    <dt>d</dt>
    <data>
      -7.6464885684720346e-02 -1.9812593619502797e-01
      -2.0591811619727384e-03</data></_>
  <_ type_id="opencv-matrix">
    <rows>3</rows>
    <cols>1</cols>
    <dt>d</dt>
    <data>
      -7.7745178554369715e-02 -1.9671411762127522e-01
      4.1926339168716090e-02</data></_>
  <_ type_id="opencv-matrix">
    <rows>3</rows>
    <cols>1</cols>
    <dt>d</dt>
    <data>
      -7.4268856726722898e-02 -1.9822760779702392e-01
      1.1400014542416759e-02</data></_>
  <_ type_id="opencv-matrix">
    <rows>3</rows>
    <cols>1</cols>
    <dt>d</dt>
    <data>
      -7.3076205350244450e-02 -1.9923176529096878e-01
      -7.7878963464713159e-03</data></_>
  <_ type_id="opencv-matrix">
    <rows>3</rows>
    <cols>1</cols>
    <dt>d</dt>
    <data>
      -7.1293499168030489e-02 -5.0220237660776490e-01
      3.1123030614080394e-02</data></_>
  <_ type_id="opencv-matrix">
    <rows>3</rows>
    <cols>1</cols>
    <dt>d</dt>
    <data>
      -6.9766152998612357e-02 -5.0334654712482518e-01
      3.5522468031044238e-02</data></_>
  <_ type_id="opencv-matrix">
    <rows>3</rows>
    <cols>1</cols>
    <dt>d</dt>
    <data>
      -7.4043591108413839e-02 -4.6576565878449872e-01
      2.6865751899056173e-02</data></_>
  <_ type_id="opencv-matrix">
    <rows>3</rows>
    <cols>1</cols>
    <dt>d</dt>
    <data>
      -7.3347996229387008e-02 -4.7103247741971449e-01
      -6.7463308870562390e-04</data></_>
  <_ type_id="opencv-matrix">
    <rows>3</rows>
    <cols>1</cols>
    <dt>d</dt>
    <data>
      -7.6054749324145451e-02 -4.5924175488640878e-01
      3.3322779661296774e-03</data></_>
  <_ type_id="opencv-matrix">
    <rows>3</rows>
    <cols>1</cols>
    <dt>d</dt>
    <data>
      -7.5550433590900648e-02 -4.4638566957421055e-01
      -3.3635412114804995e-02</data></_>
  <_ type_id="opencv-matrix">
    <rows>3</rows>
    <cols>1</cols>
    <dt>d</dt>
    <data>
      -7.6873619723871189e-02 -4.1153187443993411e-01
      6.8875357491678677e-03</data></_>
  <_ type_id="opencv-matrix">
    <rows>3</rows>
    <cols>1</cols>
    <dt>d</dt>
    <data>
      -3.8752276660783863e-01 -1.9519506216136984e-01
      -3.3156139563635521e-02</data></_>
  <_ type_id="opencv-matrix">
    <rows>3</rows>
    <cols>1</cols>
    <dt>d</dt>
    <data>
      -4.0128671538822880e-01 -2.0423318287063832e-01
      3.2731839397657711e-02</data></_>
  <_ type_id="opencv-matrix">
    <rows>3</rows>
    <cols>1</cols>
    <dt>d</dt>
    <data>
      -3.9561694027980998e-01 -2.0503310024062840e-01
      3.0436774921992062e-02</data></_>
  <_ type_id="opencv-matrix">
    <rows>3</rows>
    <cols>1</cols>
    <dt>d</dt>
    <data>
      -4.3368688702750535e-01 -1.9573621120489279e-01
      -3.1205288879830435e-02</data></_>
  <_ type_id="opencv-matrix">
    <rows>3</rows>
    <cols>1</cols>
    <dt>d</dt>
    <data>
      -4.1848150044149579e-01 -1.8926329892525720e-01
      -7.3943011154925187e-02</data></_>
  <_ type_id="opencv-matrix">
    <rows>3</rows>
    <cols>1</cols>
    <dt>d</dt>
    <data>
      -3.5971377816119021e-01 -1.9388242041587767e-01
      -5.2785415281330114e-02</data></_>
  <_ type_id="opencv-matrix">
    <rows>3</rows>
    <cols>1</cols>
    <dt>d</dt>
    <data>
      -3.4828421382693664e-01 -2.0491503144502715e-01
      5.2806118587725229e-02</data></_>
  <_ type_id="opencv-matrix">
    <rows>3</rows>
    <cols>1</cols>
    <dt>d</dt>
    <data>
      -7.2818023131076964e-02 1.4631282104463211e-01
      1.9032856092537518e-03</data></_>
  <_ type_id="opencv-matrix">
    <rows>3</rows>
    <cols>1</cols>
    <dt>d</dt>
    <data>
      -7.8653457556585329e-02 1.3942658053105481e-01
      1.2362984964626540e-03</data></_>
  <_ type_id="opencv-matrix">
    <rows>3</rows>
    <cols>1</cols>
    <dt>d</dt>
    <data>
      -7.4766949140457076e-02 1.4674420522817835e-01
      -5.6645868840057498e-03</data></_>
  <_ type_id="opencv-matrix">
    <rows>3</rows>
    <cols>1</cols>
    <dt>d</dt>
    <data>
      -6.4333586511269331e-02 1.5446766943095175e-01
      -3.6867700516309304e-02</data></_>
  <_ type_id="opencv-matrix">
    <rows>3</rows>
    <cols>1</cols>
    <dt>d</dt>
    <data>
      -6.9360125559521466e-02 1.2957692401567192e-01
      -2.0237193961747647e-02</data></_>
  <_ type_id="opencv-matrix">
    <rows>3</rows>
    <cols>1</cols>
    <dt>d</dt>
    <data>
      -8.3629989525421763e-02 3.5767135883699668e-02
      3.8646989664380446e-02</data></_>
  <_ type_id="opencv-matrix">
    <rows>3</rows>
    <cols>1</cols>
    <dt>d</dt>
    <data>
      -8.5061008932185420e-02 9.3212515711841415e-02
      4.3018396704402398e-02</data></_>
  <_ type_id="opencv-matrix">
    <rows>3</rows>
    <cols>1</cols>
    <dt>d</dt>
    <data>
      2.7804398350648757e-01 -1.9243071382650426e-01
      5.7933849997851852e-02</data></_>
  <_ type_id="opencv-matrix">
    <rows>3</rows>
    <cols>1</cols>
    <dt>d</dt>
    <data>
      2.0137881680591124e-01 -1.9865084212051412e-01
      4.0198836304086168e-02</data></_>
  <_ type_id="opencv-matrix">
    <rows>3</rows>
    <cols>1</cols>
    <dt>d</dt>
    <data>
      2.5909686726368814e-01 -1.9920398822467322e-01
      2.9681873695211285e-02</data></_>
  <_ type_id="opencv-matrix">
    <rows>3</rows>
