<?xml version="1.0"?>
<opencv_storage>
<calibration_time>"Mon 25 Oct 2021 12:54:04 PM"</calibration_time>
<nr_of_frames>35</nr_of_frames>
<image_width>1280</image_width>
<image_height>1024</image_height>
<board_width>8</board_width>
<board_height>6</board_height>
<square_size>3.6249998956918716e-02</square_size>
<fix_aspect_ratio>1.</fix_aspect_ratio>
<!-- flags: +fix_aspectRatio +zero_tangent_dist -->
<flags>10</flags>
<fisheye_model>0</fisheye_model>
<camera_matrix type_id="opencv-matrix">
  <rows>3</rows>
  <cols>3</cols>
  <dt>d</dt>
  <data>
    1.7271675215657544e+03 0. 6.2408568901152478e+02 0.
    1.7271675215657544e+03 5.1201333199805583e+02 0. 0. 1.</data></camera_matrix>
<distortion_coefficients type_id="opencv-matrix">
  <rows>5</rows>
  <cols>1</cols>
  <dt>d</dt>
  <data>
    -1.0087247831950276e-01 2.2511003810211780e-01 0. 0.
    -1.3151114643026476e-01</data></distortion_coefficients>
<avg_reprojection_error>1.5787922366205059e-01</avg_reprojection_error>
<per_view_reprojection_errors type_id="opencv-matrix">
  <rows>35</rows>
  <cols>1</cols>
  <dt>f</dt>
  <data>
    1.02439538e-01 9.91577581e-02 9.60125104e-02 1.03778891e-01
    9.62621644e-02 9.66208428e-02 1.10630296e-01 9.85911712e-02
    1.11485235e-01 1.35550380e-01 1.64574504e-01 1.82008952e-01
    1.89957231e-01 1.45496175e-01 2.00458571e-01 2.26977348e-01
    1.84641168e-01 1.30728081e-01 1.45282820e-01 1.88887224e-01
    2.01475948e-01 1.46243066e-01 1.56445980e-01 2.33324870e-01
    1.50265396e-01 1.53926522e-01 1.65404394e-01 1.89105034e-01
    2.06547171e-01 1.57724708e-01 2.05412492e-01 1.37266219e-01
    1.32931262e-01 1.52291194e-01 1.54482320e-01</data></per_view_reprojection_errors>
<!-- extrinsic parameters -->
<rvecs>
  <_ type_id="opencv-matrix">
    <rows>3</rows>
    <cols>1</cols>
    <dt>d</dt>
    <data>
      -9.3984633849910501e-02 1.6642800342981584e-01
      -5.9892071398949809e-03</data></_>
  <_ type_id="opencv-matrix">
    <rows>3</rows>
    <cols>1</cols>
    <dt>d</dt>
    <data>
      -9.4463462711437532e-02 1.6776032641237354e-01
      -6.1071161865698977e-03</data></_>
  <_ type_id="opencv-matrix">
    <rows>3</rows>
    <cols>1</cols>
    <dt>d</dt>
    <data>
      -9.4563495647874071e-02 1.6828479972694069e-01
      -5.1852079614276240e-03</data></_>
  <_ type_id="opencv-matrix">
    <rows>3</rows>
    <cols>1</cols>
    <dt>d</dt>
    <data>
      -9.2714504023293773e-02 1.6862279947548905e-01
      -3.2930708449886385e-03</data></_>
  <_ type_id="opencv-matrix">
    <rows>3</rows>
    <cols>1</cols>
    <dt>d</dt>
    <data>
      -9.4134292984012533e-02 1.6686207456476157e-01
      -1.7989198592964797e-02</data></_>
  <_ type_id="opencv-matrix">
    <rows>3</rows>
    <cols>1</cols>
    <dt>d</dt>
    <data>
      -9.5747853797414961e-02 1.6467850191269970e-01
      -3.2296242175654188e-02</data></_>
  <_ type_id="opencv-matrix">
    <rows>3</rows>
    <cols>1</cols>
    <dt>d</dt>
    <data>
      -8.7983317530160657e-02 1.6654233755973769e-01
      1.1033251697482227e-02</data></_>
  <_ type_id="opencv-matrix">
    <rows>3</rows>
    <cols>1</cols>
    <dt>d</dt>
    <data>
      -9.0356522545133919e-02 1.6596201361534868e-01
      -1.9898517337080278e-02</data></_>
  <_ type_id="opencv-matrix">
    <rows>3</rows>
    <cols>1</cols>
    <dt>d</dt>
    <data>
      -9.2812904815130423e-02 1.6581917143390426e-01
      -3.9385922759994758e-02</data></_>
  <_ type_id="opencv-matrix">
    <rows>3</rows>
    <cols>1</cols>
    <dt>d</dt>
    <data>
      -9.2354837415880200e-02 -1.3963599705364227e-01
      3.1058495975797404e-03</data></_>
  <_ type_id="opencv-matrix">
    <rows>3</rows>
    <cols>1</cols>
    <dt>d</dt>
    <data>
      -9.1153313027398236e-02 -1.3762258756474313e-01
      6.7058789892091132e-03</data></_>
  <_ type_id="opencv-matrix">
    <rows>3</rows>
    <cols>1</cols>
    <dt>d</dt>
    <data>
      -9.4854198798499725e-02 -9.9917088173362811e-02
      -1.5618603572372428e-03</data></_>
  <_ type_id="opencv-matrix">
    <rows>3</rows>
    <cols>1</cols>
    <dt>d</dt>
    <data>
      -1.0030044959490420e-01 -1.0672645964178815e-01
      -2.8424530721910354e-02</data></_>
  <_ type_id="opencv-matrix">
    <rows>3</rows>
    <cols>1</cols>
    <dt>d</dt>
    <data>
      -1.0342394281288934e-01 -9.8517655248138353e-02
      -2.4204136972543446e-02</data></_>
  <_ type_id="opencv-matrix">
    <rows>3</rows>
    <cols>1</cols>
    <dt>d</dt>
    <data>
      -1.0797116562209234e-01 -8.5791114895340845e-02
      -6.0704579796298549e-02</data></_>
  <_ type_id="opencv-matrix">
    <rows>3</rows>
    <cols>1</cols>
    <dt>d</dt>
    <data>
      -9.9026223239538649e-02 -4.6138544447262564e-02
      -2.1409897740147673e-02</data></_>
  <_ type_id="opencv-matrix">
    <rows>3</rows>
    <cols>1</cols>
    <dt>d</dt>
    <data>
      -4.0987223551026847e-01 1.7199693871987978e-01
      -6.1006140982497944e-03</data></_>
  <_ type_id="opencv-matrix">
    <rows>3</rows>
    <cols>1</cols>
    <dt>d</dt>
    <data>
      -4.1057897757644590e-01 1.6489615313424857e-01
      6.0993190219802838e-02</data></_>
  <_ type_id="opencv-matrix">
    <rows>3</rows>
    <cols>1</cols>
    <dt>d</dt>
    <data>
      -4.0547520052109443e-01 1.6383779935274181e-01
      5.7708542465824623e-02</data></_>
  <_ type_id="opencv-matrix">
    <rows>3</rows>
    <cols>1</cols>
    <dt>d</dt>
    <data>
      -4.5398342500572536e-01 1.7167937211844697e-01
      3.9692920851489514e-03</data></_>
  <_ type_id="opencv-matrix">
    <rows>3</rows>
    <cols>1</cols>
    <dt>d</dt>
    <data>
      -4.4656795166379276e-01 1.7681617462298066e-01
      -4.0872408025550255e-02</data></_>
  <_ type_id="opencv-matrix">
    <rows>3</rows>
    <cols>1</cols>
    <dt>d</dt>
    <data>
      -3.8389843396195783e-01 1.7160240348005576e-01
      -3.1030822233279153e-02</data></_>
  <_ type_id="opencv-matrix">
    <rows>3</rows>
    <cols>1</cols>
    <dt>d</dt>
    <data>
      -3.5360074542041359e-01 1.6348697619212504e-01
      7.0652148035414516e-02</data></_>
  <_ type_id="opencv-matrix">
    <rows>3</rows>
    <cols>1</cols>
    <dt>d</dt>
    <data>
      -8.6582519536326744e-02 5.0936540343116365e-01
      -3.2353336801179730e-02</data></_>
  <_ type_id="opencv-matrix">
    <rows>3</rows>
    <cols>1</cols>
    <dt>d</dt>
    <data>
      -9.2203192598876257e-02 5.0410202534102000e-01
      -3.2626895035621384e-02</data></_>
  <_ type_id="opencv-matrix">
    <rows>3</rows>
    <cols>1</cols>
    <dt>d</dt>
    <data>
      -8.8569251621067352e-02 5.1287765553785436e-01
      -4.0368566613717981e-02</data></_>
  <_ type_id="opencv-matrix">
    <rows>3</rows>
    <cols>1</cols>
    <dt>d</dt>
    <data>
      -8.6137693952239441e-02 5.1811969131548730e-01
      -7.2570462411263567e-02</data></_>
  <_ type_id="opencv-matrix">
    <rows>3</rows>
    <cols>1</cols>
    <dt>d</dt>
    <data>
      -8.7953829032456354e-02 4.9276098857265216e-01
      -5.4931182197949187e-02</data></_>
  <_ type_id="opencv-matrix">
    <rows>3</rows>
    <cols>1</cols>
    <dt>d</dt>
    <data>
      -9.1845446148641069e-02 4.0093357616083214e-01
      7.0345779162617481e-03</data></_>
  <_ type_id="opencv-matrix">
    <rows>3</rows>
    <cols>1</cols>
    <dt>d</dt>
    <data>
      -8.9154428368891411e-02 4.6130660711616367e-01
      1.0224029557493552e-02</data></_>
  <_ type_id="opencv-matrix">
    <rows>3</rows>
    <cols>1</cols>
    <dt>d</dt>
    <data>
      2.6358164785814459e-01 1.6034626069963884e-01
      -3.6532646869136980e-02</data></_>
  <_ type_id="opencv-matrix">
    <rows>3</rows>
    <cols>1</cols>
    <dt>d</dt>
    <data>
      1.8463676634108656e-01 1.6044698427612308e-01
      -4.1455612351457734e-02</data></_>
  <_ type_id="opencv-matrix">
    <rows>3</rows>
    <cols>1</cols>
    <dt>d</dt>
    <data>
      2.4153112631108870e-01 1.5661232306401665e-01
      -6.1697130103997286e-02</data></_>
  <_ type_id="opencv-matrix">
    <rows>3</rows>
