<?xml version="1.0"?>
<opencv_storage>
<calibration_time>"Wed 01 Sep 2021 11:46:12 AM"</calibration_time>
<nr_of_frames>5</nr_of_frames>
<image_width>1280</image_width>
<image_height>1024</image_height>
<board_width>8</board_width>
<board_height>6</board_height>
<square_size>3.6250000000000000e+01</square_size>
<flags>0</flags>
<fisheye_model>0</fisheye_model>
<camera_matrix type_id="opencv-matrix">
  <rows>3</rows>
  <cols>3</cols>
  <dt>d</dt>
  <data>
    1.9535463381757638e+03 0. 6.2928494202516549e+02 0.
    1.9379139708844693e+03 4.8720520420158311e+02 0. 0. 1.</data></camera_matrix>
<distortion_coefficients type_id="opencv-matrix">
  <rows>5</rows>
  <cols>1</cols>
  <dt>d</dt>
  <data>
    -9.7631225856754780e-02 -3.3831322800360847e-01
    2.4389450703552274e-03 -2.7007504017901199e-03
    3.7640545843778379e+00</data></distortion_coefficients>
<avg_reprojection_error>1.0539264623248237e-01</avg_reprojection_error>
</opencv_storage>
