<?xml version="1.0"?>
<opencv_storage>
<calibration_time>"Fri 22 Oct 2021 02:45:15 PM"</calibration_time>
<!-- Pose of a user-defined frame in relation to the right camera. -->
<frame>coro_eyes</frame>
<!-- Translation (m) -->
<x>-4.0480648771942274e-01</x>
<y>2.1269275670332222e-01</y>
<z>7.3537947503862167e-01</z>
<!-- Quaternions -->
<x>9.9621998518163157e-01</x>
<y>-1.2680401535075599e-02</y>
<z>-7.5141877912532851e-02</z>
<w>4.1697082936306841e-02</w>
</opencv_storage>
