<?xml version="1.0"?>
<opencv_storage>
<calibration_time>"Fri 29 Oct 2021 11:52:26 AM"</calibration_time>
<!-- Pose of a user-defined frame in relation to the left camera. -->
<frame>coro_eyes</frame>
<!-- Translation (m) -->
<x>-2.4197076284242638e-01</x>
<y>1.9001011030702727e-01</y>
<z>6.7617734386239281e-01</z>
<!--
-0.241971 0.190010 0.676177
-->
<!-- Quaternions -->
<x>9.9884949925679445e-01</x>
<y>3.6237948977219090e-03</y>
<z>6.3865273781748590e-03</z>
<w>4.7389431448775748e-02</w>
<!--
0.998849 0.003624 0.006387 0.047389
-->
<!-- Euler angles (RPY) -->
<x>3.0467269420623779e+00</x>
<y>-1.2415219098329544e-02</y>
<z>7.8452443704009056e-03</z>
<!--
3.046727 -0.012415 0.007845
-->
</opencv_storage>
