<?xml version="1.0"?>
<opencv_storage>
<calibration_time>"Thu 28 Oct 2021 11:59:32 AM"</calibration_time>
<nr_of_frames>35</nr_of_frames>
<image_width>1280</image_width>
<image_height>1024</image_height>
<board_width>8</board_width>
<board_height>6</board_height>
<square_size>3.6249998956918716e-02</square_size>
<fix_aspect_ratio>1.</fix_aspect_ratio>
<!-- flags: +fix_instrinsic +use_intrinsic_guess +fix_k1 +fix_k2 +fix_k3 +fix_k4 +fix_k5 +fix_s1_s2_s3_s4 +zero_tangent_dist +fix_aspectRatio -->
<flags>10</flags>
<fisheye_model>0</fisheye_model>
<avg_reprojection_error>2.7017483290301442e-01</avg_reprojection_error>
<R type_id="opencv-matrix">
  <rows>3</rows>
  <cols>3</cols>
  <dt>d</dt>
  <data>
    9.3726638295369058e-01 9.6209579294569733e-02
    -3.3507528144712168e-01 -9.3091516926653753e-02
    9.9533365600056378e-01 2.5394540926069596e-02 3.3595490301705738e-01
    7.3912167139912697e-03 9.4184907127112805e-01</data></R>
<T type_id="opencv-matrix">
  <rows>3</rows>
  <cols>1</cols>
  <dt>d</dt>
  <data>
    2.6225722197097734e-01 -1.4909221680958170e-02
    4.8566150799898428e-02</data></T>
<E type_id="opencv-matrix">
  <rows>3</rows>
  <cols>3</cols>
  <dt>d</dt>
  <data>
    -4.8772947463494848e-04 -4.8449721722018509e-02
    -1.5275551697695507e-02 -4.2587179078578292e-02
    2.7341289740180530e-03 -2.6328003759559038e-01
    -1.0440010340682019e-02 2.6246784950245872e-01
    1.6641901055947151e-03</data></E>
<F type_id="opencv-matrix">
  <rows>3</rows>
  <cols>3</cols>
  <dt>d</dt>
  <data>
    -1.0046561652462401e-07 -9.9799815602537958e-06
    -2.4983545396202954e-04 -8.7723777722810509e-06
    5.6319326044044387e-07 -8.8664720513741871e-02
    8.5522531682495271e-04 9.9653113622786990e-02 1.</data></F>
<R1 type_id="opencv-matrix">
  <rows>3</rows>
  <cols>3</cols>
  <dt>d</dt>
  <data>
    9.8643472416064759e-01 4.0245822830528764e-02
    -1.5914398736616070e-01 -3.9580780260639548e-02
    9.9918935802024333e-01 7.3476971258415614e-03 1.5931069268591477e-01
    -9.4898039380347386e-04 9.8722803983281704e-01</data></R1>
<R2 type_id="opencv-matrix">
  <rows>3</rows>
  <cols>3</cols>
  <dt>d</dt>
  <data>
    9.8174935597419410e-01 -5.5812071344886506e-02
    1.8180543098721827e-01 5.6571821338934632e-02 9.9839802302612313e-01
    1.0082896035942114e-03 -1.8157045760434309e-01
    9.2951766912928568e-03 9.8333400664048376e-01</data></R2>
<P1 type_id="opencv-matrix">
  <rows>3</rows>
  <cols>4</cols>
  <dt>d</dt>
  <data>
    1.0543271422915532e+03 0. 6.0820305633544922e+02 0. 0.
    1.0543271422915532e+03 5.0600880813598633e+02 0. 0. 0. 1. 0.</data></P1>
<P2 type_id="opencv-matrix">
  <rows>3</rows>
  <cols>4</cols>
  <dt>d</dt>
  <data>
    1.0543271422915532e+03 0. 6.0820305633544922e+02
    2.8164511206794265e+02 0. 1.0543271422915532e+03
    5.0600880813598633e+02 0. 0. 0. 1. 0.</data></P2>
<Q type_id="opencv-matrix">
  <rows>4</rows>
  <cols>4</cols>
  <dt>d</dt>
  <data>
    1. 0. 0. -6.0820305633544922e+02 0. 1. 0. -5.0600880813598633e+02 0.
    0. 0. 1.0543271422915532e+03 0. 0. -3.7434597552582862e+00 0.</data></Q>
<validROI1>
  28 196 785 602</validROI1>
<validROI2>
  443 186 782 597</validROI2>
</opencv_storage>
