<?xml version="1.0"?>
<opencv_storage>
<calibration_time>"Mon 18 Oct 2021 03:55:56 PM"</calibration_time>
<nr_of_frames>35</nr_of_frames>
<image_width>1280</image_width>
<image_height>1024</image_height>
<board_width>8</board_width>
<board_height>6</board_height>
<square_size>3.6250000000000000e+01</square_size>
<fix_aspect_ratio>1.</fix_aspect_ratio>
<!-- flags: +fix_instrinsic +use_intrinsic_guess +fix_k1 +fix_k2 +fix_k3 +fix_k4 +fix_k5 +fix_s1_s2_s3_s4 +zero_tangent_dist +fix_aspectRatio -->
<flags>10</flags>
<fisheye_model>0</fisheye_model>
<avg_reprojection_error>2.2797341802188217e-01</avg_reprojection_error>
<R type_id="opencv-matrix">
  <rows>3</rows>
  <cols>3</cols>
  <dt>d</dt>
  <data>
    9.4269350769683680e-01 4.4747031673204422e-02 3.3064581307294855e-01
    -4.3398035997715224e-02 9.9899207316255756e-01
    -1.1465087436050471e-02 -3.3082557491490133e-01
    -3.5413154070922919e-03 9.4368527490229093e-01</data></R>
<T type_id="opencv-matrix">
  <rows>3</rows>
  <cols>1</cols>
  <dt>d</dt>
  <data>
    -2.6763032998144041e+02 9.2807941700428565e+00
    4.0728919768581896e+01</data></T>
<E type_id="opencv-matrix">
  <rows>3</rows>
  <cols>3</cols>
  <dt>d</dt>
  <data>
    -1.3027689407063201e+00 -4.0720734216671524e+01
    9.2251094239911478e+00 -5.0144069539427271e+01
    8.7473485193166678e-01 2.6602564831319205e+02 2.8656862842449020e+00
    -2.6777586618001794e+02 -2.5060054024706168e-04</data></E>
<F type_id="opencv-matrix">
  <rows>3</rows>
  <cols>3</cols>
  <dt>d</dt>
  <data>
    3.1508499687814143e-08 9.8486324110392803e-07
    -9.1203384114147952e-04 1.2127740768613722e-06
    -2.1156155898271615e-08 -1.1885695292407241e-02
    -7.6295900019032953e-04 1.0594275025169030e-02 1.</data></F>
<R1 type_id="opencv-matrix">
  <rows>3</rows>
  <cols>3</cols>
  <dt>d</dt>
  <data>
    9.8264687456433431e-01 1.0515926258377094e-02 1.8518783762405538e-01
    -1.0365748548278200e-02 9.9994469143774167e-01
    -1.7791353274421101e-03 -1.8519630440691576e-01
    -1.7134879007236190e-04 9.8270153122584125e-01</data></R1>
<R2 type_id="opencv-matrix">
  <rows>3</rows>
  <cols>3</cols>
  <dt>d</dt>
  <data>
    9.8803696863816959e-01 -3.4262812211757497e-02
    -1.5036292197093767e-01 3.4384569273428527e-02
    9.9940707141801455e-01 -1.7908086296867588e-03
    1.5033512563661641e-01 -3.4007791767780697e-03
    9.8862924531940355e-01</data></R2>
<P1 type_id="opencv-matrix">
  <rows>3</rows>
  <cols>4</cols>
  <dt>d</dt>
  <data>
    1.0530863758163930e+03 0. 5.9395315551757812e+02 0. 0.
    1.0530863758163930e+03 5.1761021804809570e+02 0. 0. 0. 1. 0.</data></P1>
<P2 type_id="opencv-matrix">
  <rows>3</rows>
  <cols>4</cols>
  <dt>d</dt>
  <data>
    1.0530863758163930e+03 0. 5.9395315551757812e+02
    -2.8525031269544811e+05 0. 1.0530863758163930e+03
    5.1761021804809570e+02 0. 0. 0. 1. 0.</data></P2>
<Q type_id="opencv-matrix">
  <rows>4</rows>
  <cols>4</cols>
  <dt>d</dt>
  <data>
    1. 0. 0. -5.9395315551757812e+02 0. 1. 0. -5.1761021804809570e+02 0.
    0. 0. 1.0530863758163930e+03 0. 0. 3.6917974457778666e-03 0.</data></Q>
<validROI1>
  419 219 816 600</validROI1>
<validROI2>
  25 227 786 603</validROI2>
</opencv_storage>
