<?xml version="1.0"?>
<opencv_storage>
<calibration_time>"Mon 25 Oct 2021 12:54:05 PM"</calibration_time>
<nr_of_frames>35</nr_of_frames>
<image_width>1280</image_width>
<image_height>1024</image_height>
<board_width>8</board_width>
<board_height>6</board_height>
<square_size>3.6249998956918716e-02</square_size>
<fix_aspect_ratio>1.</fix_aspect_ratio>
<!-- flags: +fix_instrinsic +use_intrinsic_guess +fix_k1 +fix_k2 +fix_k3 +fix_k4 +fix_k5 +fix_s1_s2_s3_s4 +zero_tangent_dist +fix_aspectRatio -->
<flags>10</flags>
<fisheye_model>0</fisheye_model>
<avg_reprojection_error>2.0991697528895897e-01</avg_reprojection_error>
<R type_id="opencv-matrix">
  <rows>3</rows>
  <cols>3</cols>
  <dt>d</dt>
  <data>
    9.3451501347042143e-01 4.2649459480132094e-02 3.5335918440650538e-01
    -4.8301989420077358e-02 9.9880690508011627e-01
    7.1891711860494444e-03 -3.5263097909350061e-01
    -2.3786339994462346e-02 9.3546010209587616e-01</data></R>
<T type_id="opencv-matrix">
  <rows>3</rows>
  <cols>1</cols>
  <dt>d</dt>
  <data>
    -2.7135034197389984e-01 6.2431871457300460e-03
    4.6800875627918154e-02</data></T>
<E type_id="opencv-matrix">
  <rows>3</rows>
  <cols>3</cols>
  <dt>d</dt>
  <data>
    5.9034203567315251e-05 -4.6893540313057765e-02
    5.5037929782021777e-03 -5.1950415849761067e-02
    -4.4583994430772112e-03 2.7037493784804673e-01
    7.2724092275674064e-03 -2.7129286381658074e-01
    -4.1568715777557715e-03</data></E>
<F type_id="opencv-matrix">
  <rows>3</rows>
  <cols>3</cols>
  <dt>d</dt>
  <data>
    -1.0098943334092898e-09 8.0220478593662258e-07
    -5.7486249555898262e-04 8.8871243134678614e-07
    7.6269553268465876e-08 -8.6060246718644064e-03
    -6.7161396190825785e-04 7.4949804065535539e-03 1.</data></F>
<R1 type_id="opencv-matrix">
  <rows>3</rows>
  <cols>3</cols>
  <dt>d</dt>
  <data>
    9.8169560415237822e-01 2.3419696789433314e-02 1.8901126577584787e-01
    -2.4922510883354884e-02 9.9967382526759729e-01
    5.5777707122468319e-03 -1.8881898537797059e-01
    -1.0186308317557846e-02 9.8195907749951239e-01</data></R1>
<R2 type_id="opencv-matrix">
  <rows>3</rows>
  <cols>3</cols>
  <dt>d</dt>
  <data>
    9.8519698486576590e-01 -2.2667261471581528e-02
    -1.6992085295449386e-01 2.1316044219909958e-02
    9.9972502591062629e-01 -9.7723501171681423e-03
    1.7009564153798476e-01 6.0056494550238624e-03 9.8540925756987119e-01</data></R2>
<P1 type_id="opencv-matrix">
  <rows>3</rows>
  <cols>4</cols>
  <dt>d</dt>
  <data>
    1.0423116116526810e+03 0. 6.0584243392944336e+02 0. 0.
    1.0423116116526810e+03 5.1855602264404297e+02 0. 0. 0. 1. 0.</data></P1>
<P2 type_id="opencv-matrix">
  <rows>3</rows>
  <cols>4</cols>
  <dt>d</dt>
  <data>
    1.0423116116526810e+03 0. 6.0584243392944336e+02
    -2.8708128080990673e+02 0. 1.0423116116526810e+03
    5.1855602264404297e+02 0. 0. 0. 1. 0.</data></P2>
<Q type_id="opencv-matrix">
  <rows>4</rows>
  <cols>4</cols>
  <dt>d</dt>
  <data>
    1. 0. 0. -6.0584243392944336e+02 0. 1. 0. -5.1855602264404297e+02 0.
    0. 0. 1.0423116116526810e+03 0. 0. 3.6307195255369380e+00 0.</data></Q>
<validROI1>
  443 236 799 593</validROI1>
<validROI2>
  13 219 790 593</validROI2>
</opencv_storage>
